32 0.0
33 0.07391304347826087
34 0.05652173913043478
35 0.26956521739130435
36 0.33043478260869563
37 0.26304347826086955
38 0.24456521739130435
39 0.02826086956521739
40 0.12282608695652174
41 0.12282608695652174
42 0.11413043478260869
43 0.11739130434782609
44 0.03804347826086957
45 0.06304347826086956
46 0.02282608695652174
47 0.09891304347826087
48 0.18478260869565216
49 0.09239130434782608
50 0.1793478260869565
51 0.17173913043478262
52 0.1673913043478261
53 0.18695652173913044
54 0.2
55 0.11413043478260869
56 0.2184782608695652
57 0.2
58 0.04565217391304348
59 0.06086956521739131
60 0.1108695652173913
61 0.12608695652173912
62 0.1108695652173913
63 0.12173913043478261
64 0.28152173913043477
65 0.15869565217391304
66 0.24456521739130435
67 0.16304347826086957
68 0.20217391304347826
69 0.18043478260869567
70 0.1391304347826087
71 0.18804347826086956
72 0.18369565217391304
73 0.07391304347826087
74 0.11413043478260869
75 0.19782608695652174
76 0.11195652173913044
77 0.2510869565217391
78 0.21521739130434783
79 0.1934782608695652
80 0.17717391304347826
81 0.22065217391304348
82 0.2184782608695652
83 0.1891304347826087
84 0.11739130434782609
85 0.17065217391304346
86 0.13369565217391305
87 0.24565217391304348
88 0.17173913043478262
89 0.13152173913043477
90 0.17608695652173914
91 0.1532608695652174
92 0.10978260869565218
93 0.1532608695652174
94 0.07608695652173914
95 0.057608695652173914
96 0.04456521739130435
97 0.15
98 0.17282608695652174
99 0.12282608695652174
100 0.17282608695652174
101 0.15978260869565217
102 0.10108695652173913
103 0.1934782608695652
104 0.14891304347826087
105 0.07391304347826087
106 0.10543478260869565
107 0.15869565217391304
108 0.07391304347826087
109 0.15108695652173912
110 0.12608695652173912
111 0.14130434782608695
112 0.17282608695652174
113 0.17282608695652174
114 0.0782608695652174
115 0.12717391304347825
116 0.10108695652173913
117 0.12608695652173912
118 0.08586956521739131
119 0.16847826086956522
120 0.13043478260869565
121 0.11847826086956521
122 0.13478260869565217
123 0.14130434782608695
124 0.10978260869565218
125 0.14130434782608695
126 0.10760869565217392
127 0.12173913043478261
128 0.13695652173913042
129 0.13695652173913042
130 0.13695652173913042
131 0.13695652173913042
132 0.13695652173913042
133 0.13695652173913042
134 0.13695652173913042
135 0.13695652173913042
136 0.13695652173913042
137 0.13695652173913042
138 0.13695652173913042
139 0.13695652173913042
140 0.13695652173913042
141 0.13695652173913042
142 0.13695652173913042
143 0.13695652173913042
144 0.13695652173913042
145 0.13695652173913042
146 0.13695652173913042
147 0.13695652173913042
148 0.13695652173913042
149 0.13695652173913042
150 0.13695652173913042
151 0.13695652173913042
152 0.13695652173913042
153 0.13695652173913042
154 0.13695652173913042
155 0.13695652173913042
156 0.13695652173913042
157 0.13695652173913042
158 0.13695652173913042
159 0.13695652173913042
160 0.13695652173913042
161 0.13695652173913042
162 0.13695652173913042
163 0.13695652173913042
164 0.13695652173913042
165 0.13695652173913042
166 0.13695652173913042
167 0.13695652173913042
168 0.13695652173913042
169 0.13695652173913042
170 0.13695652173913042
171 0.13695652173913042
172 0.13695652173913042
173 0.13695652173913042
174 0.13695652173913042
175 0.13695652173913042
176 0.13695652173913042
177 0.13695652173913042
178 0.13695652173913042
179 0.13695652173913042
180 0.13695652173913042
181 0.13695652173913042
182 0.13695652173913042
183 0.13695652173913042
184 0.13695652173913042
185 0.13695652173913042
186 0.13695652173913042
187 0.13695652173913042
188 0.13695652173913042
189 0.13695652173913042
190 0.13695652173913042
191 0.13695652173913042
192 0.13695652173913042
193 0.13695652173913042
194 0.13695652173913042
195 0.13695652173913042
196 0.13695652173913042
197 0.13695652173913042
198 0.13695652173913042
199 0.13695652173913042
200 0.13695652173913042
201 0.13695652173913042
202 0.13695652173913042
203 0.13695652173913042
204 0.13695652173913042
205 0.13695652173913042
206 0.13695652173913042
207 0.13695652173913042
208 0.13695652173913042
209 0.13695652173913042
210 0.13695652173913042
211 0.13695652173913042
212 0.13695652173913042
213 0.13695652173913042
214 0.13695652173913042
215 0.13695652173913042
216 0.13695652173913042
217 0.13695652173913042
218 0.13695652173913042
219 0.13695652173913042
220 0.13695652173913042
221 0.13695652173913042
222 0.13695652173913042
223 0.13695652173913042
224 0.13695652173913042
225 0.13695652173913042
226 0.13695652173913042
227 0.13695652173913042
228 0.13695652173913042
229 0.13695652173913042
230 0.13695652173913042
231 0.13695652173913042
232 0.13695652173913042
233 0.13695652173913042
234 0.13695652173913042
235 0.13695652173913042
236 0.13695652173913042
237 0.13695652173913042
238 0.13695652173913042
239 0.13695652173913042
240 0.13695652173913042
241 0.13695652173913042
242 0.13695652173913042
243 0.13695652173913042
244 0.13695652173913042
245 0.13695652173913042
246 0.13695652173913042
247 0.13695652173913042
248 0.13695652173913042
249 0.13695652173913042
250 0.13695652173913042
251 0.13695652173913042
252 0.13695652173913042
253 0.13695652173913042
254 0.13695652173913042
255 0.13695652173913042
256 0.13695652173913042
257 0.13695652173913042
258 0.13695652173913042
259 0.13695652173913042
260 0.13695652173913042
261 0.13695652173913042
262 0.13695652173913042
263 0.13695652173913042
264 0.13695652173913042
265 0.13695652173913042
266 0.13695652173913042
267 0.13695652173913042
268 0.13695652173913042
269 0.13695652173913042
270 0.13695652173913042
271 0.13695652173913042
272 0.13695652173913042
273 0.13695652173913042
274 0.13695652173913042
275 0.13695652173913042
276 0.13695652173913042
277 0.13695652173913042
278 0.13695652173913042
279 0.13695652173913042
280 0.13695652173913042
281 0.13695652173913042
282 0.13695652173913042
283 0.13695652173913042
284 0.13695652173913042
285 0.13695652173913042
286 0.13695652173913042
287 0.13695652173913042
288 0.13695652173913042
289 0.13695652173913042
290 0.13695652173913042
291 0.13695652173913042
292 0.13695652173913042
293 0.13695652173913042
294 0.13695652173913042
295 0.13695652173913042
296 0.13695652173913042
297 0.13695652173913042
298 0.13695652173913042
299 0.13695652173913042
